%------------ Coordinates -------------------
a1=0.0;
a2=0.0;
a3=0.0;
a4=0.0;
a5=0.0;
a6=0.0;
%------------ Velocities -------------------
da1=0.0;
da2=0.0;
da3=0.0;
da4=0.0;
da5=0.0;
da6=0.0;
%------------ Acelerations -------------------
dda1=0.0;
dda2=0.0;
dda3=0.0;
dda4=0.0;
dda5=0.0;
dda6=0.0;
%------------ Auxiliar Coordinates -------------------
%------------ Auxiliar Velocities -------------------
%------------ auxiliar Acelerations -------------------
%------------ Parameters -------------------
g=9.8000000000000007105;
d3=0.43180000000000001714;
r3=-0.1490900000000000003;
d4=-0.020320000000000001256;
r4=-0.43180000000000001714;
m1=10.521000000000000796;
mx1=0.0;
my1=-0.5681300000000000239;
mz1=0.0;
Ixx1=1.642679999999999918;
Ixy1=0.0;
Ixz1=0.0;
Iyy1=0.509099999999999997;
Iyz1=0.0;
Izz1=1.642679999999999918;
m2=15.781000000000000583;
mx2=2.2061799999999998079;
my2=0.2000000000000000111;
mz2=2.352790000000000159;
Ixx2=0.84057999999999999385;
Ixy2=0.2000000000000000111;
Ixz2=-0.32891999999999999016;
Iyy2=8.7375000000000007105;
Iyz2=0.4000000000000000222;
Izz2=8.575620000000000687;
m3=8.76699999999999946;
mx3=-0.0028099999999999999978;
my3=-1.7271000000000000796;
mz3=0.0;
Ixx3=3.7170399999999998997;
Ixy3=-5.5000000000000003313E-4;
Ixz3=0.0020000000000000000416;
Iyy3=0.3009000000000000008;
Iyz3=0.0020000000000000000416;
Izz3=3.7170399999999998997;
m4=1.0520000000000000462;
mx4=0.02999999999999999889;
my4=0.05999999999999999778;
mz4=-0.05995999999999999941;
Ixx4=0.1844200000000000006;
Ixy4=1.0000000000000000479E-4;
Ixz4=0.0;
Iyy4=0.1844200000000000006;
Iyz4=1.0000000000000000479E-4;
Izz4=0.12729999999999999649;
m5=1.0520000000000000462;
mx5=0.0040000000000000000833;
my5=-0.0073600000000000002226;
mz5=0.005000000000000000104;
Ixx5=0.07355000000000000426;
Ixy5=1.0000000000000000479E-4;
Ixz5=1.0000000000000000479E-4;
Iyy5=0.07349999999999999589;
Iyz5=1.0000000000000000479E-4;
Izz5=0.12734999999999999098;
m6=0.35099999999999997868;
mx6=0.010000000000000000208;
my6=0.020000000000000000416;
mz6=0.013079999999999999613;
Ixx6=0.007590000000000000392;
Ixy6=2.0000000000000000958E-4;
Ixz6=2.0000000000000000958E-4;
Iyy6=0.007590000000000000392;
Iyz6=2.0000000000000000958E-4;
Izz6=0.014099999999999999686;
Ma1=0.0;
Ma2=0.0;
Ma3=0.0;
Ma4=0.0;
Ma5=0.0;
Ma6=0.0;
FS001=0.0014785880999999998983;
FSa11=0.07721038469999999543;
FSb11=-0.042272712800000000755;
FSa21=0.11850621660000000557;
FSb21=0.24908428350000000329;
FSa31=0.01601304599999999953;
FSb31=-0.60350038750000001286;
FSa41=-0.37340693619999998365;
FSb41=0.012973227999999999843;
FS002=0.46548033239999997424;
FSa12=0.0088854951999999993995;
FSb12=0.19204071940000000396;
FSa22=-0.387352331300000019;
FSb22=-0.11052410799999999591;
FSa32=0.5153370186000000297;
FSb32=0.07692218480000000136;
FSa42=0.3625104022000000259;
FSb42=-0.5777986793999999593;
FS003=0.5237817799999999746;
FSa13=-0.15692199589999999976;
FSb13=-0.14068066290000000307;
FSa23=0.33474736809999999787;
FSb23=-0.08042703110000000433;
FSa33=-0.33193958569999998387;
FSb33=0.29227797070000000046;
FSa43=0.17802714840000000152;
FSb43=-0.10640294299999999983;
FS004=-0.13003566590000001368;
FSa14=-0.16971897189999998745;
FSb14=-0.21505564360000001267;
FSa24=-0.0020729890999999999422;
FSb24=-4.9444409999999995066E-4;
FSa34=-0.0014969755999999999861;
FSb34=6.9502330000000001053E-4;
FSa44=-2.964460000000000074E-5;
FSb44=6.317299999999999977E-5;
FS005=1.87530000000000007E-6;
FSa15=8.764999999999999937E-7;
FSb15=1.0330000000000000517E-7;
FSa25=2.6831000000000001963E-6;
FSb25=1.5967000000000001032E-6;
FSa35=1.0124000000000000393E-6;
FSb35=1.337400000000000104E-6;
FSa45=8.807999999999999991E-7;
FSb45=7.8909999999999999193E-7;
FS006=4.0157999999999997355E-6;
FSa16=1.9404999999999998862E-6;
FSb16=7.0309999999999998947E-7;
FSa26=1.751600000000000094E-6;
FSb26=1.7048999999999999736E-6;
FSa36=3.0301999999999998038E-6;
FSb36=3.083199999999999974E-6;
FSa46=1.4202999999999999795E-6;
FSb46=1.7219999999999999348E-7;
g=9.8000000000000007105;
%------------ Joint_Unknowns -------------------
lambda1=0.0;
lambda2=0.0;
lambda3=0.0;
lambda4=0.0;
lambda5=0.0;
lambda6=0.0;
%------------ Inputs -------------------
%------------q,dq,ddq,param , input, unknowns Vectors -------------------
q=[a1;a2;a3;a4;a5;a6;];
dq=[da1;da2;da3;da4;da5;da6;];
ddq=[dda1;dda2;dda3;dda4;dda5;dda6;];
param=[g;d3;r3;d4;r4;m1;mx1;my1;mz1;Ixx1;Ixy1;Ixz1;Iyy1;Iyz1;Izz1;m2;mx2;my2;mz2;Ixx2;Ixy2;Ixz2;Iyy2;Iyz2;Izz2;m3;mx3;my3;mz3;Ixx3;Ixy3;Ixz3;Iyy3;Iyz3;Izz3;m4;mx4;my4;mz4;Ixx4;Ixy4;Ixz4;Iyy4;Iyz4;Izz4;m5;mx5;my5;mz5;Ixx5;Ixy5;Ixz5;Iyy5;Iyz5;Izz5;m6;mx6;my6;mz6;Ixx6;Ixy6;Ixz6;Iyy6;Iyz6;Izz6;Ma1;Ma2;Ma3;Ma4;Ma5;Ma6;FS001;FSa11;FSb11;FSa21;FSb21;FSa31;FSb31;FSa41;FSb41;FS002;FSa12;FSb12;FSa22;FSb22;FSa32;FSb32;FSa42;FSb42;FS003;FSa13;FSb13;FSa23;FSb23;FSa33;FSb33;FSa43;FSb43;FS004;FSa14;FSb14;FSa24;FSb24;FSa34;FSb34;FSa44;FSb44;FS005;FSa15;FSb15;FSa25;FSb25;FSa35;FSb35;FSa45;FSb45;FS006;FSa16;FSb16;FSa26;FSb26;FSa36;FSb36;FSa46;FSb46;g;];
unkn=[lambda1;lambda2;lambda3;lambda4;lambda5;lambda6;];
