%------------ Coordinates -------------------
xWAG=0.0010000000000000000208;
yWAG=0.0;
zWAG=0.7396200000000000552;
aWAG=0.0;
bWAG=-0.0020000000000000000416;
cWAG=0.0;
cRSLD=0.0;
cFSLD=0.0;
zRBOG=-0.1241180000000000061;
aRBOG=0.0;
bRBOG=0.0020000000000000000416;
zFBOG=-0.13009999999999999343;
aFBOG=0.0;
bFBOG=0.0020000000000000000416;
zRWHSF=0.053432300000000002016;
aRWHSF=0.0;
bRWHSF=0.048187000000000000666;
zRWHSR=0.05354590000000000044;
aRWHSR=0.0;
bRWHSR=0.048187000000000000666;
zFWHSF=0.03959000000000000019;
aFWHSF=0.0;
bFWHSF=-0.064208000000000001184;
zFWHSR=0.03971100000000000324;
aFWHSR=0.0;
bFWHSR=-0.064208000000000001184;
bRAXBFL=0.0;
bRAXBFR=0.0;
bRAXBRL=0.0;
bRAXBRR=0.0;
bFAXBFL=0.0;
bFAXBFR=0.0;
bFAXBRL=0.0;
bFAXBRR=0.0;
xRMOTF=0.0;
yRMOTF=0.0;
zRMOTF=-0.022297000000000000847;
bRMOTF=0.0044140000000000003885;
xRMOTR=0.0;
yRMOTR=0.0;
zRMOTR=-0.022297000000000000847;
bRMOTR=-0.004441399999999999862;
bRROTF=-0.20479500000000000481;
bRROTR=-0.20479500000000000481;
%------------ Velocities -------------------
dxWAG=0.0;
dyWAG=0.0;
dzWAG=0.0;
daWAG=0.0;
dbWAG=0.0;
dcWAG=0.0;
dcRSLD=0.0;
dcFSLD=0.0;
dzRBOG=0.0;
daRBOG=0.0;
dbRBOG=0.0;
dzFBOG=0.0;
daFBOG=0.0;
dbFBOG=0.0;
dzRWHSF=0.0;
daRWHSF=0.0;
dbRWHSF=0.0;
dzRWHSR=0.0;
daRWHSR=0.0;
dbRWHSR=0.0;
dzFWHSF=0.0;
daFWHSF=0.0;
dbFWHSF=0.0;
dzFWHSR=0.0;
daFWHSR=0.0;
dbFWHSR=0.0;
dbRAXBFL=0.0;
dbRAXBFR=0.0;
dbRAXBRL=0.0;
dbRAXBRR=0.0;
dbFAXBFL=0.0;
dbFAXBFR=0.0;
dbFAXBRL=0.0;
dbFAXBRR=0.0;
dxRMOTF=0.0;
dyRMOTF=0.0;
dzRMOTF=0.0;
dbRMOTF=0.0;
dxRMOTR=0.0;
dyRMOTR=0.0;
dzRMOTR=0.0;
dbRMOTR=0.0;
dbRROTF=0.0;
dbRROTR=0.0;
%------------ Acelerations -------------------
ddxWAG=0.0;
ddyWAG=0.0;
ddzWAG=0.0;
ddaWAG=0.0;
ddbWAG=0.0;
ddcWAG=0.0;
ddcRSLD=0.0;
ddcFSLD=0.0;
ddzRBOG=0.0;
ddaRBOG=0.0;
ddbRBOG=0.0;
ddzFBOG=0.0;
ddaFBOG=0.0;
ddbFBOG=0.0;
ddzRWHSF=0.0;
ddaRWHSF=0.0;
ddbRWHSF=0.0;
ddzRWHSR=0.0;
ddaRWHSR=0.0;
ddbRWHSR=0.0;
ddzFWHSF=0.0;
ddaFWHSF=0.0;
ddbFWHSF=0.0;
ddzFWHSR=0.0;
ddaFWHSR=0.0;
ddbFWHSR=0.0;
ddbRAXBFL=0.0;
ddbRAXBFR=0.0;
ddbRAXBRL=0.0;
ddbRAXBRR=0.0;
ddbFAXBFL=0.0;
ddbFAXBFR=0.0;
ddbFAXBRL=0.0;
ddbFAXBRR=0.0;
ddxRMOTF=0.0;
ddyRMOTF=0.0;
ddzRMOTF=0.0;
ddbRMOTF=0.0;
ddxRMOTR=0.0;
ddyRMOTR=0.0;
ddzRMOTR=0.0;
ddbRMOTR=0.0;
ddbRROTF=0.0;
ddbRROTR=0.0;
%------------ Auxiliar Coordinates -------------------
thetaW_RFR=0.0;
uW_RFR=0.0;
uR_RFR=0.0;
xR_RFR=-3.655949999999999811;
thetaW_RFL=0.0;
uW_RFL=0.0;
uR_RFL=0.0;
xR_RFL=-3.655949999999999811;
thetaW_RRR=0.0;
uW_RRR=0.0;
uR_RRR=0.0;
xR_RRR=-5.8409500000000003084;
thetaW_RRL=0.0;
uW_RRL=0.0;
uR_RRL=0.0;
xR_RRL=-5.8409500000000003084;
thetaW_FFR=0.0;
uW_FFR=0.0;
uR_FFR=0.0;
xR_FFR=5.8440399999999996794;
thetaW_FFL=0.0;
uW_FFL=0.0;
uR_FFL=0.0;
xR_FFL=5.8440399999999996794;
thetaW_FRR=0.0;
uW_FRR=0.0;
uR_FRR=0.0;
xR_FRR=3.6590400000000000702;
thetaW_FRL=0.0;
uW_FRL=0.0;
uR_FRL=0.0;
xR_FRL=3.6590400000000000702;
%------------ Auxiliar Velocities -------------------
dthetaW_RFR=0.0;
duW_RFR=0.0;
duR_RFR=0.0;
dxR_RFR=0.0;
dthetaW_RFL=0.0;
duW_RFL=0.0;
duR_RFL=0.0;
dxR_RFL=0.0;
dthetaW_RRR=0.0;
duW_RRR=0.0;
duR_RRR=0.0;
dxR_RRR=0.0;
dthetaW_RRL=0.0;
duW_RRL=0.0;
duR_RRL=0.0;
dxR_RRL=0.0;
dthetaW_FFR=0.0;
duW_FFR=0.0;
duR_FFR=0.0;
dxR_FFR=0.0;
dthetaW_FFL=0.0;
duW_FFL=0.0;
duR_FFL=0.0;
dxR_FFL=0.0;
dthetaW_FRR=0.0;
duW_FRR=0.0;
duR_FRR=0.0;
dxR_FRR=0.0;
dthetaW_FRL=0.0;
duW_FRL=0.0;
duR_FRL=0.0;
dxR_FRL=0.0;
%------------ auxiliar Acelerations -------------------
ddthetaW_RFR=0.0;
dduW_RFR=0.0;
dduR_RFR=0.0;
ddxR_RFR=0.0;
ddthetaW_RFL=0.0;
dduW_RFL=0.0;
dduR_RFL=0.0;
ddxR_RFL=0.0;
ddthetaW_RRR=0.0;
dduW_RRR=0.0;
dduR_RRR=0.0;
ddxR_RRR=0.0;
ddthetaW_RRL=0.0;
dduW_RRL=0.0;
dduR_RRL=0.0;
ddxR_RRL=0.0;
ddthetaW_FFR=0.0;
dduW_FFR=0.0;
dduR_FFR=0.0;
ddxR_FFR=0.0;
ddthetaW_FFL=0.0;
dduW_FFL=0.0;
dduR_FFL=0.0;
ddxR_FFL=0.0;
ddthetaW_FRR=0.0;
dduW_FRR=0.0;
dduR_FRR=0.0;
ddxR_FRR=0.0;
ddthetaW_FRL=0.0;
dduW_FRL=0.0;
dduR_FRL=0.0;
ddxR_FRL=0.0;
%------------ Parameters -------------------
g=9.8000000000000007105;
L_OBOG_OAXBy=0.8149999999999999467;
L_OBOG_OAXBz=0.19718199999999999616;
L_OBOG_OSUSPy=0.8149999999999999467;
L_OBOG_OSUSPx=0.5;
L_OBOG_OSUSPz=0.12218199999999999894;
L_OBOG_OWHS=1.0925000000000000266;
L_OBOG_P1BOG=0.35249999999999998002;
L_MOT=0.39600000000000001865;
L_GEAR=0.34399999999999997247;
L_AXB1=0.5150000000000000133;
L_AXB2=0.091999999999999998446;
L_SUSP=0.26900000000000001688;
L_WHS=1.0700000000000000622;
L_RAIL=1.0699999999999998401;
L_WAG=9.5;
L_SUSPBEAM1=0.5;
L_SUSPBEAM2=0.17000000000000001221;
L_SLDx=0.17000000000000001221;
L_SLDy=0.8149999999999999467;
b_pend=0.0;
a_pend=0.0;
L0_1=0.30999999999999999778;
L0_2=0.37800000000000000266;
m_WAG=22608.0;
I_WAGx=7800.0;
I_WAGy=53079.0;
I_WAGz=17000.0;
xCGWAG=-0.13719999999999998863;
yCGWAG=0.0;
zCGWAG=3.5;
G_BOGz=0.28100000000000002753;
m_BOG=1507.8599999999999;
I_BOGx=716.89999999999997726;
I_BOGy=1738.2999999999999545;
I_BOGz=2347.300000000000182;
m_MOT=568.7999999999999545;
I_MOTx=49.299999999999997158;
I_MOTy=139.09999999999999432;
I_MOTz=6.690000000000000391;
m_ROT=568.7999999999999545;
I_ROTx=17.69999999999999929;
I_ROTy=1.6999999999999999556;
I_ROTz=17.69999999999999929;
m_WHS=1222.0;
I_WHSx=376.60000000000002274;
I_WHSy=79.599999999999994316;
I_WHSz=376.60000000000002274;
I_CORy=6.1364809999999998524;
m_AXB=67.71999999999999886;
I_AXBx=0.95999999999999996447;
I_AXBy=4.5700000000000002842;
I_AXBz=4.2900000000000000355;
m_SLD=461.0;
I_SLDx=216.40000000000000568;
I_SLDy=25.899999999999998579;
I_SLDz=232.09999999999999432;
K_SSl=500000.0;
C_SSl=5000.0;
C_SSr=5000.0;
K_SSr=500000.0;
Kgear=1000000.0;
Cgear=10000;
alpha_gear=0.3490699999999999914;
zROT=16.0;
zWHS=68.0;
K_S1=261954;
C_S1=5000.0;
K_S2=277046;
C_S2=5000.0;
aW_RFR=0.0;
bW_RFR=0.0;
cW_RFR=-0.10000000000000000555;
dW_RFR=-0.5;
lW_RFR=0.0;
aR_RFR=0.0;
bR_RFR=-20.0;
cR_RFR=0.0;
dR_RFR=0.10000000000000000555;
lR_RFR=0.0;
RFRas=0.0;
RFRbs=0.0;
RFRcs=0.0;
RFRds=0.0;
RFRes=0.0;
RFRfs=0.0;
RFRstas=0.0;
RFRends=10.0;
irrRFRz=0.0;
aW_RFL=0.0;
bW_RFL=0.0;
cW_RFL=0.10000000000000000555;
dW_RFL=-0.5;
lW_RFL=0.0;
aR_RFL=0.0;
bR_RFL=-20.0;
cR_RFL=0.0;
dR_RFL=0.10000000000000000555;
lR_RFL=0.0;
RFLas=0.0;
RFLbs=0.0;
RFLcs=0.0;
RFLds=0.0;
RFLes=0.0;
RFLfs=0.0;
RFLstas=0.0;
RFLends=10.0;
irrRFLz=0.0;
aW_RRR=0.0;
bW_RRR=0.0;
cW_RRR=-0.10000000000000000555;
dW_RRR=-0.5;
lW_RRR=0.0;
aR_RRR=0.0;
bR_RRR=-20.0;
cR_RRR=0.0;
dR_RRR=0.10000000000000000555;
lR_RRR=0.0;
RRRas=0.0;
RRRbs=0.0;
RRRcs=0.0;
RRRds=0.0;
RRRes=0.0;
RRRfs=0.0;
RRRstas=0.0;
RRRends=10.0;
irrRRRz=0.0;
aW_RRL=0.0;
bW_RRL=0.0;
cW_RRL=0.10000000000000000555;
dW_RRL=-0.5;
lW_RRL=0.0;
aR_RRL=0.0;
bR_RRL=-20.0;
cR_RRL=0.0;
dR_RRL=0.10000000000000000555;
lR_RRL=0.0;
RRLas=0.0;
RRLbs=0.0;
RRLcs=0.0;
RRLds=0.0;
RRLes=0.0;
RRLfs=0.0;
RRLstas=0.0;
RRLends=10.0;
irrRRLz=0.0;
aW_FFR=0.0;
bW_FFR=0.0;
cW_FFR=-0.10000000000000000555;
dW_FFR=-0.5;
lW_FFR=0.0;
aR_FFR=0.0;
bR_FFR=-20.0;
cR_FFR=0.0;
dR_FFR=0.10000000000000000555;
lR_FFR=0.0;
FFRas=0.0;
FFRbs=0.0;
FFRcs=0.0;
FFRds=0.0;
FFRes=0.0;
FFRfs=0.0;
FFRstas=0.0;
FFRends=10.0;
irrFFRz=0.0;
aW_FFL=0.0;
bW_FFL=0.0;
cW_FFL=0.10000000000000000555;
dW_FFL=-0.5;
lW_FFL=0.0;
aR_FFL=0.0;
bR_FFL=-20.0;
cR_FFL=0.0;
dR_FFL=0.10000000000000000555;
lR_FFL=0.0;
FFLas=0.0;
FFLbs=0.0;
FFLcs=0.0;
FFLds=0.0;
FFLes=0.0;
FFLfs=0.0;
FFLstas=0.0;
FFLends=10.0;
irrFFLz=0.0;
aW_FRR=0.0;
bW_FRR=0.0;
cW_FRR=-0.10000000000000000555;
dW_FRR=-0.5;
lW_FRR=0.0;
aR_FRR=0.0;
bR_FRR=-20.0;
cR_FRR=0.0;
dR_FRR=0.10000000000000000555;
lR_FRR=0.0;
FRRas=0.0;
FRRbs=0.0;
FRRcs=0.0;
FRRds=0.0;
FRRes=0.0;
FRRfs=0.0;
FRRstas=0.0;
FRRends=10.0;
irrFRRz=0.0;
aW_FRL=0.0;
bW_FRL=0.0;
cW_FRL=0.10000000000000000555;
dW_FRL=-0.5;
lW_FRL=0.0;
aR_FRL=0.0;
bR_FRL=-20.0;
cR_FRL=0.0;
dR_FRL=0.10000000000000000555;
lR_FRL=0.0;
FRLas=0.0;
FRLbs=0.0;
FRLcs=0.0;
FRLds=0.0;
FRLes=0.0;
FRLfs=0.0;
FRLstas=0.0;
FRLends=10.0;
irrFRLz=0.0;
E_elastic=2.1E11;
nu_poisson=0.27000000000000001776;
G_elastic=1.4384E11;
aRFR=0.0;
bRFR=0.0;
C11RFR=0.0;
C22RFR=0.0;
C23RFR=0.0;
C33RFR=0.0;
aRFL=0.0;
bRFL=0.0;
C11RFL=0.0;
