global x;
global y;
global z;
global a;
global b;
global c;
global a1;
global a2;
global a3;
global a4;
global a5;
global a6;
global b1;
global b2;
global b3;
global b4;
global b5;
global b6;
global s1;
global s2;
global s3;
global s4;
global s5;
global s6;
x = 0.0;
y = 0.0;
z = 5.0;
a = 0.0;
b = 0.0;
c = 0.0;
a1 = 0.0;
a2 = 0.0;
a3 = 0.0;
a4 = 0.0;
a5 = 0.0;
a6 = 0.0;
b1 = 0.48099999999999998312;
b2 = 0.48099999999999998312;
b3 = 0.48099999999999998312;
b4 = 0.48099999999999998312;
b5 = 0.48099999999999998312;
b6 = 0.48099999999999998312;
s1 = 1.0;
s2 = 1.0;
s3 = 1.0;
s4 = 1.0;
s5 = 1.0;
s6 = 1.0;
