%------------ Coordinates -------------------
x=0.0;
y=0.0;
z=5.0;
a=0.0;
b=0.0;
c=0.0;
a1=0.0;
a2=0.0;
a3=0.0;
a4=0.0;
a5=0.0;
a6=0.0;
b1=0.48099999999999998312;
b2=0.48099999999999998312;
b3=0.48099999999999998312;
b4=0.48099999999999998312;
b5=0.48099999999999998312;
b6=0.48099999999999998312;
s1=1.0;
s2=1.0;
s3=1.0;
s4=1.0;
s5=1.0;
s6=1.0;
%------------ Velocities -------------------
dx=0.0;
dy=0.0;
dz=0.0;
da=0.0;
dB=0.0;
dc=0.0;
da1=0.0;
da2=0.0;
da3=0.0;
da4=0.0;
da5=0.0;
da6=0.0;
dB1=0.0;
dB2=0.0;
dB3=0.0;
dB4=0.0;
dB5=0.0;
dB6=0.0;
ds1=0.0;
ds2=0.0;
ds3=0.0;
ds4=0.0;
ds5=0.0;
ds6=0.0;
%------------ Acelerations -------------------
ddx=0.0;
ddy=0.0;
ddz=0.0;
dda=0.0;
ddB=0.0;
ddc=0.0;
dda1=0.0;
dda2=0.0;
dda3=0.0;
dda4=0.0;
dda5=0.0;
dda6=0.0;
ddB1=0.0;
ddB2=0.0;
ddB3=0.0;
ddB4=0.0;
ddB5=0.0;
ddB6=0.0;
dds1=0.0;
dds2=0.0;
dds3=0.0;
dds4=0.0;
dds5=0.0;
dds6=0.0;
%------------ Auxiliar Coordinates -------------------
%------------ Auxiliar Velocities -------------------
%------------ auxiliar Acelerations -------------------
%------------ Parameters -------------------
g=9.8000000000000007105;
R=0.4839999999999999858;
r=0.07308499999999999719;
L=1.0;
e=0.06825399999999999523;
mP=6.697000000000000064;
mxP=0.07000000000000000666;
myP=0.07000000000000000666;
mzP=-0.23822568399999999311;
IxxP=0.028319000000000000422;
IxyP=6.999999999999999929E-4;
IyyP=0.028319000000000000422;
IxzP=2.9999999999999997372E-4;
IzzP=0.038045000000000002427;
IyzP=2.9999999999999997372E-4;
m1=5.803900000000000503;
mx1=0.02999999999999999889;
my1=0.02999999999999999889;
mz1=-1.4684999999999999165;
Ixx1=1.0435000000000000941;
Ixy1=2.9999999999999997372E-4;
Iyy1=1.0435000000000000941;
Ixz1=0.0140000000000000002914;
Izz1=0.0022721999999999998275;
Iyz1=0.0140000000000000002914;
m2=5.803900000000000503;
mx2=0.02999999999999999889;
my2=0.02999999999999999889;
mz2=-1.4684999999999999165;
Ixx2=1.0435000000000000941;
Ixy2=2.9999999999999997372E-4;
Iyy2=1.0435000000000000941;
Ixz2=0.0140000000000000002914;
Izz2=0.0022721999999999998275;
Iyz2=0.0140000000000000002914;
m3=5.803900000000000503;
mx3=0.02999999999999999889;
my3=0.02999999999999999889;
mz3=-1.4684999999999999165;
Ixx3=1.0435000000000000941;
Ixy3=2.9999999999999997372E-4;
Iyy3=1.0435000000000000941;
Ixz3=0.0140000000000000002914;
Izz3=0.0022721999999999998275;
Iyz3=0.0140000000000000002914;
m4=5.803900000000000503;
mx4=0.02999999999999999889;
my4=0.02999999999999999889;
mz4=-1.4684999999999999165;
Ixx4=1.0435000000000000941;
Ixy4=2.9999999999999997372E-4;
Iyy4=1.0435000000000000941;
Ixz4=0.0140000000000000002914;
Izz4=0.0022721999999999998275;
Iyz4=0.0140000000000000002914;
m5=5.803900000000000503;
mx5=0.02999999999999999889;
my5=0.02999999999999999889;
mz5=-1.4684999999999999165;
Ixx5=1.0435000000000000941;
Ixy5=2.9999999999999997372E-4;
Iyy5=1.0435000000000000941;
Ixz5=0.0140000000000000002914;
Izz5=0.0022721999999999998275;
Iyz5=0.0140000000000000002914;
m6=5.803900000000000503;
mx6=0.02999999999999999889;
my6=0.02999999999999999889;
mz6=-1.4684999999999999165;
Ixx6=1.0435000000000000941;
Ixy6=2.9999999999999997372E-4;
Iyy6=1.0435000000000000941;
Ixz6=0.0140000000000000002914;
Izz6=0.0022721999999999998275;
Iyz6=0.0140000000000000002914;
Fs1=0.0;
Fs2=0.0;
Fs3=0.0;
Fs4=0.0;
Fs5=0.0;
Fs6=0.0;
FS001=1.9613765198999999484;
FSa11=-0.03367548220000000231;
FSb11=-0.004509828100000000048;
FSa21=-0.76897540139999998043;
FSb21=-0.36767866080000000117;
FS002=1.9728988349000000646;
FSa12=-0.07760227279999999672;
FSb12=0.087896548500000004633;
FSa22=-0.80477418469999995043;
FSb22=-0.33292410810000000465;
FS003=2.0079006745000000933;
FSa13=0.0017356237999999999961;
FSb13=-0.0125723870000000008396;
FSa23=-0.9313791466999999935;
FSb23=-0.08541052799999999945;
FS004=1.9590377182000000555;
FSa14=0.032193569999999997744;
FSb14=0.026063488299999999775;
FSa24=-0.88120031899999995417;
FSb24=-0.08106869079999999561;
FS005=2.051704390199999839;
FSa15=-0.08062901150000000017;
FSb15=0.026959320900000000032;
FSa25=-0.83622348130000001554;
FSb25=-0.088205229499999995846;
FS006=2.0439796765999997952;
FSa16=-0.07430093979999999321;
FSb16=0.056877343800000000618;
FSa26=-0.85970401389999995256;
FSb26=-0.03482426050000000245;
gra=9.8000000000000007105;
%------------ Joint_Unknowns -------------------
lambda1=0.0;
lambda2=0.0;
lambda3=0.0;
lambda4=0.0;
lambda5=0.0;
lambda6=0.0;
lambda7=0.0;
lambda8=0.0;
lambda9=0.0;
lambda10=0.0;
lambda11=0.0;
lambda12=0.0;
lambda13=0.0;
lambda14=0.0;
lambda15=0.0;
lambda16=0.0;
lambda17=0.0;
lambda18=0.0;
%------------ Inputs -------------------
%------------q,dq,ddq,param , input, unknowns Vectors -------------------
q=[x;y;z;a;b;c;a1;a2;a3;a4;a5;a6;b1;b2;b3;b4;b5;b6;s1;s2;s3;s4;s5;s6;];
dq=[dx;dy;dz;da;dB;dc;da1;da2;da3;da4;da5;da6;dB1;dB2;dB3;dB4;dB5;dB6;ds1;ds2;ds3;ds4;ds5;ds6;];
ddq=[ddx;ddy;ddz;dda;ddB;ddc;dda1;dda2;dda3;dda4;dda5;dda6;ddB1;ddB2;ddB3;ddB4;ddB5;ddB6;dds1;dds2;dds3;dds4;dds5;dds6;];
param=[g;R;r;L;e;mP;mxP;myP;mzP;IxxP;IxyP;IyyP;IxzP;IzzP;IyzP;m1;mx1;my1;mz1;Ixx1;Ixy1;Iyy1;Ixz1;Izz1;Iyz1;m2;mx2;my2;mz2;Ixx2;Ixy2;Iyy2;Ixz2;Izz2;Iyz2;m3;mx3;my3;mz3;Ixx3;Ixy3;Iyy3;Ixz3;Izz3;Iyz3;m4;mx4;my4;mz4;Ixx4;Ixy4;Iyy4;Ixz4;Izz4;Iyz4;m5;mx5;my5;mz5;Ixx5;Ixy5;Iyy5;Ixz5;Izz5;Iyz5;m6;mx6;my6;mz6;Ixx6;Ixy6;Iyy6;Ixz6;Izz6;Iyz6;Fs1;Fs2;Fs3;Fs4;Fs5;Fs6;FS001;FSa11;FSb11;FSa21;FSb21;FS002;FSa12;FSb12;FSa22;FSb22;FS003;FSa13;FSb13;FSa23;FSb23;FS004;FSa14;FSb14;FSa24;FSb24;FS005;FSa15;FSb15;FSa25;FSb25;FS006;FSa16;FSb16;FSa26;FSb26;gra;];
unkn=[lambda1;lambda2;lambda3;lambda4;lambda5;lambda6;lambda7;lambda8;lambda9;lambda10;lambda11;lambda12;lambda13;lambda14;lambda15;lambda16;lambda17;lambda18;];
