%------------ Coordinates -------------------
xWAG=0.0025900931747840001164;
zWAG=0.6616660652464370074;
bWAG=-0.002092754516537999928;
zRBOG=-0.12411588829638800502;
bRBOG=0.0020407687480060001176;
zFBOG=-0.1301607214406889923;
bFBOG=0.0020394706408430000183;
zRWHSF=0.05343333357741100048;
bRWHSF=0.005248139601507000214;
zRWHSR=0.053546922481755999945;
bRWHSR=0.0048477537678129995966;
zFWHSF=0.039595581891492002968;
bFWHSF=-5.83082810488999982E-4;
zFWHSR=0.039712007159996003114;
bFWHSR=0.0013933097952750000612;
bRAXBFR=0.0;
bRAXBRR=0.0;
bFAXBFR=0.0;
bFAXBRR=0.0;
xRMOTF=-1.130310190000000042E-7;
zRMOTF=-0.002229734715432999878;
bRMOTF=4.4148757107999997678E-4;
xRMOTR=-1.1303098900000000125E-7;
zRMOTR=-0.002229733670622000008;
bRMOTR=-4.4148713688400002169E-4;
bRROTF=-0.022304600741007998832;
bRROTR=-0.020602960949559000897;
RthetaWRF=3.1467888074227681194;
RthetaWRR=3.146388421589073836;
RxRRF=-3.6546425405809821463;
RxRRR=-5.8396425435334844423;
FthetaWRF=3.1409562869036089516;
FthetaWRR=3.1429326795093728286;
FxRRF=5.845349974459477238;
FxRRR=3.6603499713576819197;
%------------ Velocities -------------------
dxWAG=0.0;
dzWAG=0.0;
dbWAG=0.0;
dzRBOG=0.0;
dbRBOG=0.0;
dzFBOG=0.0;
dbFBOG=0.0;
dzRWHSF=0.0;
dbRWHSF=0.0;
dzRWHSR=0.0;
dbRWHSR=0.0;
dzFWHSF=0.0;
dbFWHSF=0.0;
dzFWHSR=0.0;
dbFWHSR=0.0;
dbRAXBFR=0.0;
dbRAXBRR=0.0;
dbFAXBFR=0.0;
dbFAXBRR=0.0;
dxRMOTF=0.0;
dzRMOTF=0.0;
dbRMOTF=0.0;
dxRMOTR=0.0;
dzRMOTR=0.0;
dbRMOTR=0.0;
dbRROTF=0.0;
dbRROTR=0.0;
dRthetaWRF=0.0;
dRthetaWRR=0.0;
dRxRRF=0.0;
dRxRRR=0.0;
dFthetaWRF=0.0;
dFthetaWRR=0.0;
dFxRRF=0.0;
dFxRRR=0.0;
%------------ Auxiliar Coordinates -------------------
%------------ Auxiliar Velocities -------------------
%------------ Parameters -------------------
g=9.8000000000000007105;
L_OBOG_OAXBy=0.8149999999999999467;
L_OBOG_OAXBz=0.19718199999999999616;
L_OBOG_OSUSPy=0.8149999999999999467;
L_OBOG_OSUSPx=0.5;
L_OBOG_OSUSPz=0.12218199999999999894;
L_OBOG_OWHS=1.0925000000000000266;
L_OBOG_P1BOG=0.35249999999999998002;
L_MOT=0.39600000000000001865;
L_GEAR=0.34399999999999997247;
L_AXB1=0.5150000000000000133;
L_AXB2=0.091999999999999998446;
L_SUSP=0.26900000000000001688;
L_WHS=0.8149999999999999467;
L_WAG=9.5;
L_SUSPBEAM1=0.5;
L_SUSPBEAM2=0.17000000000000001221;
L_SLDx=0.17000000000000001221;
L_SLDy=0.8149999999999999467;
b_pend=0.0;
a_pend=0.0;
L_O_ORAIL=0.8149999999999999467;
L0_1=0.30999999999999999778;
L0_2=0.37800000000000000266;
m_WAG=22608.0;
I_WAGx=7800.0;
I_WAGy=53079.0;
I_WAGz=17000.0;
xCGWAG=-0.13719999999999998863;
yCGWAG=0.0;
zCGWAG=3.5;
G_BOGz=0.28100000000000002753;
m_BOG=1507.8599999999999;
I_BOGx=716.89999999999997726;
I_BOGy=1738.2999999999999545;
I_BOGz=2347.300000000000182;
m_MOT=568.7999999999999545;
I_MOTx=49.299999999999997158;
I_MOTy=139.09999999999999432;
I_MOTz=6.690000000000000391;
m_ROT=568.7999999999999545;
I_ROTx=17.69999999999999929;
I_ROTy=1.6999999999999999556;
I_ROTz=17.69999999999999929;
m_WHS=1222.0;
I_WHSx=376.60000000000002274;
I_WHSy=79.599999999999994316;
I_WHSz=376.60000000000002274;
I_CORy=6.1364809999999998524;
m_AXB=135.43999999999999773;
I_AXBx=0.95999999999999996447;
I_AXBy=4.5700000000000002842;
I_AXBz=4.2900000000000000355;
m_SLD=461.0;
I_SLDx=216.40000000000000568;
I_SLDy=25.899999999999998579;
I_SLDz=232.09999999999999432;
K_SSl=5000000.0;
C_SSl=50000.0;
C_SSr=50000.0;
K_SSr=5000000.0;
Kgear=1.0E7;
Cgear=10000;
alpha_gear=0.3490699999999999914;
zROT=16.0;
zWHS=68.0;
K_S1=523908.0;
C_S1=10000.0;
K_S2=554092.0;
C_S2=10000.0;
Rw=0.42109999999999997433;
rw=0.40999999999999997558;
Lw=0.13000000000000000444;
rR=0.16000000000000000333;
%------------ Joint_Unknowns -------------------
lambda1=0.0;
lambda2=0.0;
lambda3=0.0;
lambda4=0.0;
lambda5=0.0;
lambda6=0.0;
lambda7=0.0;
lambda8=0.0;
lambda9=0.0;
lambda10=0.0;
lambda11=0.0;
lambda12=0.0;
%------------ Inputs -------------------
T_RMOTF=0.0;
T_RMOTR=0.0;
mu_V_RRF=0.0;
mu_V_RRR=0.0;
mu_V_FRF=0.0;
mu_V_FRR=0.0;
N_RRF=0.0;
N_RRR=0.0;
N_FRF=0.0;
N_FRR=0.0;
%------------q,dq,param Vectors -------------------
q=[xWAG;zWAG;bWAG;zRBOG;bRBOG;zFBOG;bFBOG;zRWHSF;bRWHSF;zRWHSR;bRWHSR;zFWHSF;bFWHSF;zFWHSR;bFWHSR;bRAXBFR;bRAXBRR;bFAXBFR;bFAXBRR;xRMOTF;zRMOTF;bRMOTF;xRMOTR;zRMOTR;bRMOTR;bRROTF;bRROTR;RthetaWRF;RthetaWRR;RxRRF;RxRRR;FthetaWRF;FthetaWRR;FxRRF;FxRRR;];
dq=[dxWAG;dzWAG;dbWAG;dzRBOG;dbRBOG;dzFBOG;dbFBOG;dzRWHSF;dbRWHSF;dzRWHSR;dbRWHSR;dzFWHSF;dbFWHSF;dzFWHSR;dbFWHSR;dbRAXBFR;dbRAXBRR;dbFAXBFR;dbFAXBRR;dxRMOTF;dzRMOTF;dbRMOTF;dxRMOTR;dzRMOTR;dbRMOTR;dbRROTF;dbRROTR;dRthetaWRF;dRthetaWRR;dRxRRF;dRxRRR;dFthetaWRF;dFthetaWRR;dFxRRF;dFxRRR;];
qaux=[];
dqaux=[];
param=[g;L_OBOG_OAXBy;L_OBOG_OAXBz;L_OBOG_OSUSPy;L_OBOG_OSUSPx;L_OBOG_OSUSPz;L_OBOG_OWHS;L_OBOG_P1BOG;L_MOT;L_GEAR;L_AXB1;L_AXB2;L_SUSP;L_WHS;L_WAG;L_SUSPBEAM1;L_SUSPBEAM2;L_SLDx;L_SLDy;b_pend;a_pend;L_O_ORAIL;L0_1;L0_2;m_WAG;I_WAGx;I_WAGy;I_WAGz;xCGWAG;yCGWAG;zCGWAG;G_BOGz;m_BOG;I_BOGx;I_BOGy;I_BOGz;m_MOT;I_MOTx;I_MOTy;I_MOTz;m_ROT;I_ROTx;I_ROTy;I_ROTz;m_WHS;I_WHSx;I_WHSy;I_WHSz;I_CORy;m_AXB;I_AXBx;I_AXBy;I_AXBz;m_SLD;I_SLDx;I_SLDy;I_SLDz;K_SSl;C_SSl;C_SSr;K_SSr;Kgear;Cgear;alpha_gear;zROT;zWHS;K_S1;C_S1;K_S2;C_S2;Rw;rw;Lw;rR;];
unkn=[lambda1;lambda2;lambda3;lambda4;lambda5;lambda6;lambda7;lambda8;lambda9;lambda10;lambda11;lambda12;];
input=[T_RMOTF;T_RMOTR;mu_V_RRF;mu_V_RRR;mu_V_FRF;mu_V_FRR;N_RRF;N_RRR;N_FRF;N_FRR;];
