%------------ Coordinates -------------------
z11=0;
z12=0;
z21=0;
z22=0;
z31=0;
z32=0;
phi11=0.4000000000000000222;
phi12=0.4000000000000000222;
phi21=0.4000000000000000222;
phi22=0.4000000000000000222;
phi31=0.4000000000000000222;
phi32=0.4000000000000000222;
theta11=0;
theta12=0;
theta21=0;
theta22=0;
theta31=0;
theta32=0;
X=0;
Y=0;
Z=0;
phi=0;
theta=0;
psi=0;
%------------ Velocities -------------------
dz11=0;
dz12=0;
dz21=0;
dz22=0;
dz31=0;
dz32=0;
dphi11=0;
dphi12=0;
dphi21=0;
dphi22=0;
dphi31=0;
dphi32=0;
dtheta11=0;
dtheta12=0;
dtheta21=0;
dtheta22=0;
dtheta31=0;
dtheta32=0;
dX=0;
dY=0;
dZ=0;
dphi=0;
dtheta=0;
dpsi=0;
%------------ Parameters -------------------
g=9.8000000000000007105;
lp=0.07308499999999999719;
alpha=2.0943951023931952626;
e=0.06825399999999999523;
lb=0.4839999999999999858;
l=1;
h=0.9116736602397810252;
Klg=0.0015915494309189535602;
pi=3.141592653589793116;
z11_0=0.0;
dz11_0=0.0;
z12_0=0.0;
dz12_0=0.0;
z21_0=0.0;
dz21_0=0.0;
z22_0=0.0;
dz22_0=0.0;
z31_0=0.0;
dz31_0=0.0;
z32_0=0.0;
dz32_0=0.0;
Ka=0.8000000000000000444;
Kb=0.5100000000000000089;
c11=5665.600000000000364;
c12=5665.600000000000364;
c21=5665.600000000000364;
c22=5665.600000000000364;
c31=5665.600000000000364;
c32=5665.600000000000364;
mzp=-0.23822568399999999311;
mp=6.697000000000000064;
mz11=-1.468450000000000033;
m11=2.936900000000000066;
mz12=-1.468450000000000033;
m12=2.936900000000000066;
mz21=-1.468450000000000033;
m21=2.936900000000000066;
mz22=-1.468450000000000033;
m22=2.936900000000000066;
mz31=-1.468450000000000033;
m31=2.936900000000000066;
mz32=-1.468450000000000033;
m32=2.936900000000000066;
mc11=2.866999999999999993;
mc12=2.866999999999999993;
mc21=2.866999999999999993;
mc22=2.866999999999999993;
mc31=2.866999999999999993;
mc32=2.866999999999999993;
I_P_11=0.028319000000000000422;
I_P_22=0.028319000000000000422;
I_P_33=0.038045000000000002427;
I_B11_11=1.0435000000000000941;
I_B11_22=1.0435000000000000941;
I_B11_33=0.0022721999999999998275;
I_B12_11=1.0435000000000000941;
I_B12_22=1.0435000000000000941;
I_B12_33=0.0022721999999999998275;
I_B21_11=1.0435000000000000941;
I_B21_22=1.0435000000000000941;
I_B21_33=0.0022721999999999998275;
I_B22_11=1.0435000000000000941;
I_B22_22=1.0435000000000000941;
I_B22_33=0.0022721999999999998275;
I_B31_11=1.0435000000000000941;
I_B31_22=1.0435000000000000941;
I_B31_33=0.0022721999999999998275;
I_B32_11=1.0435000000000000941;
I_B32_22=1.0435000000000000941;
I_B32_33=0.0022721999999999998275;
I_R=1.3168000000000001318E-4;
%------------ Joint_Unknowns -------------------
Fe11x=0.0;
Fe11y=0.0;
Fe11z=0.0;
Fe12x=0.0;
Fe12y=0.0;
Fe12z=0.0;
Fe21x=0.0;
Fe21y=0.0;
Fe21z=0.0;
Fe22x=0.0;
Fe22y=0.0;
Fe22z=0.0;
Fe31x=0.0;
Fe31y=0.0;
Fe31z=0.0;
Fe32x=0.0;
Fe32y=0.0;
Fe32z=0.0;
%------------ Inputs -------------------
Ma11z=0.0;
Ma12z=0.0;
Ma21z=0.0;
Ma22z=0.0;
Ma31z=0.0;
Ma32z=0.0;
%------------q,dq,param Vectors -------------------
q=[z11;z12;z21;z22;z31;z32;phi11;phi12;phi21;phi22;phi31;phi32;theta11;theta12;theta21;theta22;theta31;theta32;X;Y;Z;phi;theta;psi;];
dq=[dz11;dz12;dz21;dz22;dz31;dz32;dphi11;dphi12;dphi21;dphi22;dphi31;dphi32;dtheta11;dtheta12;dtheta21;dtheta22;dtheta31;dtheta32;dX;dY;dZ;dphi;dtheta;dpsi;];
param=[g;lp;alpha;e;lb;l;h;Klg;pi;z11_0;dz11_0;z12_0;dz12_0;z21_0;dz21_0;z22_0;dz22_0;z31_0;dz31_0;z32_0;dz32_0;Ka;Kb;c11;c12;c21;c22;c31;c32;mzp;mp;mz11;m11;mz12;m12;mz21;m21;mz22;m22;mz31;m31;mz32;m32;mc11;mc12;mc21;mc22;mc31;mc32;I_P_11;I_P_22;I_P_33;I_B11_11;I_B11_22;I_B11_33;I_B12_11;I_B12_22;I_B12_33;I_B21_11;I_B21_22;I_B21_33;I_B22_11;I_B22_22;I_B22_33;I_B31_11;I_B31_22;I_B31_33;I_B32_11;I_B32_22;I_B32_33;I_R;];
unkn=[Fe11x;Fe11y;Fe11z;Fe12x;Fe12y;Fe12z;Fe21x;Fe21y;Fe21z;Fe22x;Fe22y;Fe22z;Fe31x;Fe31y;Fe31z;Fe32x;Fe32y;Fe32z;];
input=[Ma11z;Ma12z;Ma21z;Ma22z;Ma31z;Ma32z;];
