%------------ Coordinates -------------------
a1=0.0;
a2=0.0;
a5=0.0;
a6=0.0;
a3=0.0;
a4=0.0;
%------------ Velocities -------------------
da1=0.0;
da2=0.0;
da5=0.0;
da6=0.0;
da3=0.0;
da4=0.0;
%------------ Auxiliar Coordinates -------------------
%------------ Auxiliar Velocities -------------------
%------------ Parameters -------------------
g=9.8000000000000007105;
a1_0=0.0;
da1_0=0.0;
a2_0=0.0;
da2_0=0.0;
a5_0=0.0;
da5_0=0.0;
a6_0=0.0;
da6_0=0.0;
Sp=0.08999999999999999667;
Lp=0.43249999999999999556;
Ln=0.3847999999999999754;
Ww=0.6500000000000000222;
W=0.36499999999999999112;
Hn=0.6099999999999999867;
Hi=0.2626000000000000001;
Hs=0.2293999999999999928;
Hb=0.48249999999999998446;
Rw=0.074999999999999997224;
Rr=0.074999999999999997224;
Rx=0.15499999999999999889;
Bx=0.057000000000000002054;
Mx=0.23180000000000000604;
Si=0.4000000000000000222;
Ss=0.34270000000000000462;
SR=0.020000000000000000416;
VS=1.0;
af1=0.26179938779914918578;
af2=0.78539816339744750184;
W1=0.78539816339744750184;
W2=1.5707963267948950037;
W3=0.0;
W4=3.1415926535897900074;
W5=3.1415926535897900074;
Cvis_a1=1.0;
Cvis_a2=1.0;
Cvis_a3=1.0;
Cvis_a5=1.0;
Cvis_a6=50.0;
Ki=161000.0;
Li0=0.050000000000000002776;
Li=0.040000000000000000833;
Ks=161000.0;
Ls0=0.050000000000000002776;
Ls=0.040000000000000000833;
Kt=16100.0;
L0=0.050000000000000002776;
L=0.049626714303120149363;
Ds=0.32000000000000000666;
Di=0.12237328569687982993;
m1=9.667657000000000167;
mx1=0.0030422360932488797837;
my1=-0.004478320909257840071;
mz1=0.36744390847206498396;
Ixx1=0.9801881653659251237;
Ixy1=4.4206645383572985988E-7;
Ixz1=-2.7381066521478097378E-4;
Iyy1=0.3591388582226794357;
Iyz1=-1.8765169417531233492E-9;
Izz1=1.26217143181614877;
m2=39.817383999999997002;
mx2=2.9640487491956477584;
my2=0.012890523297108559195;
mz2=-21.281833508276321254;
Ixx2=14.812045412059969607;
Ixy2=0.003957515427122263764;
Ixz2=1.9878803504816100478;
Iyy2=18.109105205218288148;
Iyz2=0.0052398620771679001867;
Izz2=4.60689003954244658;
m3=5.955896000000000079;
mx3=-0.047939662052559992023;
my3=5.2397669863016807935E-5;
mz3=-0.0017534753413601352531;
Ixx3=0.010137447701649687087;
Ixy3=1.4279088608471107418E-5;
Ixz3=-1.833625660489527636E-5;
Iyy3=0.08491775185389913161;
Iyz3=1.3199649979843719713E-6;
Izz3=0.08491640707419832734;
m4=30.096650000000000347;
mx4=8.159515723059499237;
my4=0.63829643465629992694;
mz4=0.98350976542700019323;
Ixx4=0.78362680833633369115;
Ixy4=-0.097659081867136357524;
Ixz4=-0.15928378541411311597;
Iyy4=4.1898399221187556662;
Iyz4=-0.08067667444434374613;
Izz4=4.137266448758420978;
m5=5.9935295000000001764;
mx5=-0.72479885899207852074;
my5=-5.034486744245910252E-4;
mz5=0.0018332408681652481112;
Ixx5=0.0102339220224175065505;
Ixy5=-1.8407660046722019434E-4;
Ixz5=2.2143604929993708345E-4;
Iyy5=0.26407049838144192044;
Iyz5=1.5074481460462705645E-6;
Izz5=0.2640640699370907507;
m6=11.543302000000000618;
mx6=4.461430659315823277;
my6=0.0;
mz6=-0.49468035776464003295;
Ixx6=0.39649403034936037127;
Ixy6=0.0;
Ixz6=0.36224154713213124746;
Iyy6=2.9033917650784468734;
Iyz6=0.0;
Izz6=3.0406016747290864899;
%------------ Joint_Unknowns -------------------
lambda1=0.0;
lambda2=0.0;
%------------ Inputs -------------------
Tm=0.0;
Tb=0.0;
%------------q,dq,param Vectors -------------------
q=[a1;a2;a5;a6;a3;a4;];
dq=[da1;da2;da5;da6;da3;da4;];
qaux=[];
dqaux=[];
param=[g;a1_0;da1_0;a2_0;da2_0;a5_0;da5_0;a6_0;da6_0;Sp;Lp;Ln;Ww;W;Hn;Hi;Hs;Hb;Rw;Rr;Rx;Bx;Mx;Si;Ss;SR;VS;af1;af2;W1;W2;W3;W4;W5;Cvis_a1;Cvis_a2;Cvis_a3;Cvis_a5;Cvis_a6;Ki;Li0;Li;Ks;Ls0;Ls;Kt;L0;L;Ds;Di;m1;mx1;my1;mz1;Ixx1;Ixy1;Ixz1;Iyy1;Iyz1;Izz1;m2;mx2;my2;mz2;Ixx2;Ixy2;Ixz2;Iyy2;Iyz2;Izz2;m3;mx3;my3;mz3;Ixx3;Ixy3;Ixz3;Iyy3;Iyz3;Izz3;m4;mx4;my4;mz4;Ixx4;Ixy4;Ixz4;Iyy4;Iyz4;Izz4;m5;mx5;my5;mz5;Ixx5;Ixy5;Ixz5;Iyy5;Iyz5;Izz5;m6;mx6;my6;mz6;Ixx6;Ixy6;Ixz6;Iyy6;Iyz6;Izz6;];
unkn=[lambda1;lambda2;];
input=[Tm;Tb;];
