global theta1;
global theta2;
global psi;
global y;
global z;
theta1 = 1.0500000000000000444;
theta2 = 0.0;
psi = 0.0;
y = 2.1768999999999998352;
z = -0.13019000000000000017;
