g=9.8000000000000007105;
theta1_0=1.5;
psi_0=0.0;
l1=0.5;
l2=1.5;
y0=1.5;
z0=-0.5;
alpha=0.5;
r=0.5;
Cvis=0.2000000000000000111;
mb1=1.0;
I1b1=0.10000000000000000555;
I2b1=0.10000000000000000555;
I3b1=0.10000000000000000555;
mb2=1.0;
I1b2=0.10000000000000000555;
I2b2=0.10000000000000000555;
I3b2=0.10000000000000000555;
mDisc=1.0;
