g=9.8000000000000007105;
l1=0.4000000000000000222;
l2=2.0;
l3=1.1999999999999999556;
l4=1.6000000000000000888;
m1=1.0;
m2=1.0;
m3=1.0;
cg1x=0.2000000000000000111;
cg1z=0.10000000000000000555;
cg2x=1.0;
cg2z=0.10000000000000000555;
cg3x=0.5999999999999999778;
cg3z=0.10000000000000000555;
I1yy=1.0;
I2yy=1.0;
I3yy=1.0;
K=50.0;
l2x=1.0;
l2z=0.10000000000000000555;
l3x=0.5;
l3z=0.10000000000000000555;
