%------------ Coordinates -------------------
xWAG=0.002173454984843000131;
yWAG=3.7690199999999997708E-10;
zWAG=0.66101425790614298794;
aWAG=-3.6873609999999998774E-9;
bWAG=-0.00209312906489200019;
cWAG=-6.569979999999999888E-10;
cRSLD=0.0;
cFSLD=0.0;
zRBOG=-0.12409965480002700666;
aRBOG=2.6241820000000001514E-9;
bRBOG=0.0020411601164109999598;
zFBOG=-0.13014624550219000554;
aFBOG=2.218846999999999917E-9;
bFBOG=0.0020398495279660001749;
zRWHSF=0.053443379425868998978;
aRWHSF=1.3587099999999999537E-9;
bRWHSF=0.004359712322613999713;
zRWHSR=0.05355693157840200197;
aRWHSR=1.3811100000000000004E-9;
bRWHSR=0.0043592180523150001956;
zFWHSF=0.03960381345190199659;
aFWHSF=1.2792790000000000447E-9;
bFWHSF=0.0043730685423069995746;
zFWHSR=0.039720229240194998566;
aFWHSR=1.0402239999999999846E-9;
bFWHSR=0.0043734047866120003695;
bRAXBFL=0.0;
bRAXBFR=0.0;
bRAXBRL=0.0;
bRAXBRR=0.0;
bFAXBFL=0.0;
bFAXBFR=0.0;
bFAXBRL=0.0;
bFAXBRR=0.0;
xRMOTF=-1.0274611899999999394E-6;
yRMOTF=1.00700999999999994295E-10;
zRMOTF=-0.022298643617829998903;
bRMOTF=0.0044151021357350002383;
xRMOTR=-1.0273755780000000317E-6;
yRMOTR=1.0192100000000000404E-10;
zRMOTR=-0.022298578469500000832;
bRMOTR=-0.0044150755782170003974;
bRROTF=-0.018528797724848000694;
bRROTR=-0.018526697072450998283;
thetaW_RFR=0.0;
uW_RFR=0.0;
uR_RFR=0.0;
xR_RFR=0.0;
thetaW_RFL=0.0;
uW_RFL=0.0;
uR_RFL=0.0;
xR_RFL=0.0;
thetaW_RRR=0.0;
uW_RRR=0.0;
uR_RRR=0.0;
xR_RRR=0.0;
thetaW_RRL=0.0;
uW_RRL=0.0;
uR_RRL=0.0;
xR_RRL=0.0;
thetaW_FFR=0.0;
uW_FFR=0.0;
uR_FFR=0.0;
xR_FFR=0.0;
thetaW_FFL=0.0;
uW_FFL=0.0;
uR_FFL=0.0;
xR_FFL=0.0;
thetaW_FRR=0.0;
uW_FRR=0.0;
uR_FRR=0.0;
xR_FRR=0.0;
thetaW_FRL=0.0;
uW_FRL=0.0;
uR_FRL=0.0;
xR_FRL=0.0;
%------------ Velocities -------------------
dxWAG=0.0;
dyWAG=0.0;
dzWAG=0.0;
daWAG=0.0;
dbWAG=0.0;
dcWAG=0.0;
dcRSLD=0.0;
dcFSLD=0.0;
dzRBOG=0.0;
daRBOG=0.0;
dbRBOG=0.0;
dzFBOG=0.0;
daFBOG=0.0;
dbFBOG=0.0;
dzRWHSF=0.0;
daRWHSF=0.0;
dbRWHSF=0.0;
dzRWHSR=0.0;
daRWHSR=0.0;
dbRWHSR=0.0;
dzFWHSF=0.0;
daFWHSF=0.0;
dbFWHSF=0.0;
dzFWHSR=0.0;
daFWHSR=0.0;
dbFWHSR=0.0;
dbRAXBFL=0.0;
dbRAXBFR=0.0;
dbRAXBRL=0.0;
dbRAXBRR=0.0;
dbFAXBFL=0.0;
dbFAXBFR=0.0;
dbFAXBRL=0.0;
dbFAXBRR=0.0;
dxRMOTF=0.0;
dyRMOTF=0.0;
dzRMOTF=0.0;
dbRMOTF=0.0;
dxRMOTR=0.0;
dyRMOTR=0.0;
dzRMOTR=0.0;
dbRMOTR=0.0;
dbRROTF=0.0;
dbRROTR=0.0;
dthetaW_RFR=0.0;
duW_RFR=0.0;
duR_RFR=0.0;
dxR_RFR=0.0;
dthetaW_RFL=0.0;
duW_RFL=0.0;
duR_RFL=0.0;
dxR_RFL=0.0;
dthetaW_RRR=0.0;
duW_RRR=0.0;
duR_RRR=0.0;
dxR_RRR=0.0;
dthetaW_RRL=0.0;
duW_RRL=0.0;
duR_RRL=0.0;
dxR_RRL=0.0;
dthetaW_FFR=0.0;
duW_FFR=0.0;
duR_FFR=0.0;
dxR_FFR=0.0;
dthetaW_FFL=0.0;
duW_FFL=0.0;
duR_FFL=0.0;
dxR_FFL=0.0;
dthetaW_FRR=0.0;
duW_FRR=0.0;
duR_FRR=0.0;
dxR_FRR=0.0;
dthetaW_FRL=0.0;
duW_FRL=0.0;
duR_FRL=0.0;
dxR_FRL=0.0;
%------------ Auxiliar Coordinates -------------------
%------------ Auxiliar Velocities -------------------
%------------ Parameters -------------------
g=9.8000000000000007105;
L_OBOG_OAXBy=0.8149999999999999467;
L_OBOG_OAXBz=0.19718199999999999616;
L_OBOG_OSUSPy=0.8149999999999999467;
L_OBOG_OSUSPx=0.5;
L_OBOG_OSUSPz=0.12218199999999999894;
L_OBOG_OWHS=1.0925000000000000266;
L_OBOG_P1BOG=0.35249999999999998002;
L_MOT=0.39600000000000001865;
L_GEAR=0.34399999999999997247;
L_AXB1=0.5150000000000000133;
L_AXB2=0.091999999999999998446;
L_SUSP=0.26900000000000001688;
L_WHS=1.0660000000000000586;
L_RAIL=1.0699999999999998401;
L_WAG=9.5;
L_SUSPBEAM1=0.5;
L_SUSPBEAM2=0.17000000000000001221;
L_SLDx=0.17000000000000001221;
L_SLDy=0.8149999999999999467;
b_pend=0.0;
a_pend=0.0;
L0_1=0.30999999999999999778;
L0_2=0.37800000000000000266;
m_WAG=22608.0;
I_WAGx=7800.0;
I_WAGy=53079.0;
I_WAGz=17000.0;
xCGWAG=-0.13719999999999998863;
yCGWAG=0.0;
zCGWAG=3.5;
G_BOGz=0.28100000000000002753;
m_BOG=1507.8599999999999;
I_BOGx=716.89999999999997726;
I_BOGy=1738.2999999999999545;
I_BOGz=2347.300000000000182;
m_MOT=568.7999999999999545;
I_MOTx=49.299999999999997158;
I_MOTy=139.09999999999999432;
I_MOTz=6.690000000000000391;
m_ROT=568.7999999999999545;
I_ROTx=17.69999999999999929;
I_ROTy=1.6999999999999999556;
I_ROTz=17.69999999999999929;
m_WHS=1222.0;
I_WHSx=376.60000000000002274;
I_WHSy=79.599999999999994316;
I_WHSz=376.60000000000002274;
I_CORy=6.1364809999999998524;
m_AXB=67.71999999999999886;
I_AXBx=0.95999999999999996447;
I_AXBy=4.5700000000000002842;
I_AXBz=4.2900000000000000355;
m_SLD=461.0;
I_SLDx=216.40000000000000568;
I_SLDy=25.899999999999998579;
I_SLDz=232.09999999999999432;
K_SSl=500000.0;
C_SSl=5000.0;
C_SSr=5000.0;
K_SSr=500000.0;
Kgear=1000000.0;
Cgear=10000;
alpha_gear=0.3490699999999999914;
zROT=16.0;
zWHS=68.0;
K_S1=261954;
C_S1=5000.0;
K_S2=277046;
C_S2=5000.0;
Rw=0.4249999999999999889;
rw=0.41499999999999998002;
Lw=0.13000000000000000444;
rR=0.16000000000000000333;
aW_RFR=64.56790834618000474;
bW_RFR=-0.023792495869999999436;
cW_RFR=0.0089361341199999996115;
dW_RFR=-0.5;
lW_RFR=0.010000000000000000208;
aR_RFR=66.403345669995999856;
bR_RFR=-1.998816728350000016;
cR_RFR=0.0;
dR_RFR=0.15900000000000000244;
lR_RFR=0.005000000000000000104;
aW_RFL=-59.809409171410003125;
bW_RFL=-0.023792495869999999436;
cW_RFL=-0.0089361341199999996115;
dW_RFL=-0.5;
lW_RFL=0.010000000000000000208;
aR_RFL=66.403345669995999856;
bR_RFL=-1.998816728350000016;
cR_RFL=0.0;
dR_RFL=0.15900000000000000244;
lR_RFL=0.005000000000000000104;
aW_RRR=64.56790834618000474;
bW_RRR=-0.023792495869999999436;
cW_RRR=0.0089361341199999996115;
dW_RRR=-0.5;
lW_RRR=0.010000000000000000208;
aR_RRR=66.403345669995999856;
bR_RRR=-1.998816728350000016;
cR_RRR=0.0;
dR_RRR=0.15900000000000000244;
lR_RRR=0.005000000000000000104;
aW_RRL=-59.809409171410003125;
bW_RRL=-0.023792495869999999436;
cW_RRL=-0.0089361341199999996115;
dW_RRL=-0.5;
lW_RRL=0.010000000000000000208;
aR_RRL=66.403345669995999856;
bR_RRL=-1.998816728350000016;
cR_RRL=0.0;
dR_RRL=0.15900000000000000244;
lR_RRL=0.005000000000000000104;
aW_FFR=64.56790834618000474;
bW_FFR=-0.023792495869999999436;
cW_FFR=0.0089361341199999996115;
dW_FFR=-0.5;
lW_FFR=0.010000000000000000208;
aR_FFR=66.403345669995999856;
bR_FFR=-1.998816728350000016;
cR_FFR=0.0;
dR_FFR=0.15900000000000000244;
lR_FFR=0.005000000000000000104;
aW_FFL=-59.809409171410003125;
bW_FFL=-0.023792495869999999436;
cW_FFL=-0.0089361341199999996115;
dW_FFL=-0.5;
lW_FFL=0.010000000000000000208;
aR_FFL=66.403345669995999856;
bR_FFL=-1.998816728350000016;
cR_FFL=0.0;
dR_FFL=0.15900000000000000244;
lR_FFL=0.005000000000000000104;
aW_FRR=64.56790834618000474;
bW_FRR=-0.023792495869999999436;
cW_FRR=0.0089361341199999996115;
dW_FRR=-0.5;
lW_FRR=0.010000000000000000208;
aR_FRR=66.403345669995999856;
bR_FRR=-1.998816728350000016;
cR_FRR=0.0;
dR_FRR=0.15900000000000000244;
lR_FRR=0.005000000000000000104;
aW_FRL=-59.809409171410003125;
bW_FRL=-0.023792495869999999436;
cW_FRL=-0.0089361341199999996115;
dW_FRL=-0.5;
lW_FRL=0.010000000000000000208;
aR_FRL=66.403345669995999856;
bR_FRL=-1.998816728350000016;
cR_FRL=0.0;
dR_FRL=0.15900000000000000244;
lR_FRL=0.005000000000000000104;
%------------ Joint_Unknowns -------------------
lambda1=0.0;
lambda2=0.0;
lambda3=0.0;
lambda4=0.0;
lambda5=0.0;
lambda6=0.0;
lambda7=0.0;
lambda8=0.0;
lambda9=0.0;
lambda10=0.0;
lambda11=0.0;
lambda12=0.0;
lambda13=0.0;
lambda14=0.0;
lambda15=0.0;
lambda16=0.0;
lambda17=0.0;
lambda18=0.0;
lambda19=0.0;
lambda20=0.0;
lambda21=0.0;
lambda22=0.0;
lambda23=0.0;
lambda24=0.0;
lambda25=0.0;
lambda26=0.0;
lambda27=0.0;
lambda28=0.0;
lambda29=0.0;
lambda30=0.0;
lambda31=0.0;
lambda32=0.0;
lambda33=0.0;
lambda34=0.0;
lambda35=0.0;
lambda36=0.0;
lambda37=0.0;
lambda38=0.0;
lambda39=0.0;
lambda40=0.0;
%------------ Inputs -------------------
T_RMOTF=0.0;
T_RMOTR=0.0;
T_FBRKF=0.0;
T_FBRKR=0.0;
T_RBRKF=0.0;
T_RBRKR=0.0;
Fx_RFR=0.0;
Fy_RFR=0.0;
Mz_RFR=0.0;
Fx_RFL=0.0;
Fy_RFL=0.0;
Mz_RFL=0.0;
Fx_RRR=0.0;
Fy_RRR=0.0;
Mz_RRR=0.0;
Fx_RRL=0.0;
Fy_RRL=0.0;
Mz_RRL=0.0;
Fx_FRR=0.0;
Fy_FRR=0.0;
Mz_FRR=0.0;
Fx_FRL=0.0;
Fy_FRL=0.0;
Mz_FRL=0.0;
Fx_FFR=0.0;
Fy_FFR=0.0;
Mz_FFR=0.0;
Fx_FFL=0.0;
Fy_FFL=0.0;
