%------------ Coordinates -------------------
x2=0;
y2=0;
c2=0;
x3=0;
y3=0;
z3=0;
a3=0;
b3=0;
c3=0;
x4=0;
y4=0;
z4=0;
b4=0;
c4=0;
x5=0;
y5=0;
z5=0;
b5=0;
c5=0;
a6=0;
b6=0;
c6=0;
a7=0;
xSun=0;
ySun=0;
zSun=0;
bSun=0;
cSun=0;
xPla1=0;
yPla1=0;
zPla1=0;
bPla1=0;
cPla1=0;
xPla2=0;
yPla2=0;
zPla2=0;
bPla2=0;
cPla2=0;
xPla3=0;
yPla3=0;
zPla3=0;
bPla3=0;
cPla3=0;
xSecSt=0;
ySecSt=0;
zSecSt=0;
bSecSt=0;
cSecSt=0;
a4=0;
a5=0;
aSun=0;
aPla1=0;
aPla2=0;
aPla3=0;
aSecSt=0;
%------------ Velocities -------------------
dx2=0;
dy2=0;
dc2=0;
dx3=0;
dy3=0;
dz3=0;
da3=0;
db3=0;
dc3=0;
dx4=0;
dy4=0;
dz4=0;
db4=0;
dc4=0;
dx5=0;
dy5=0;
dz5=0;
db5=0;
dc5=0;
da6=0;
db6=0;
dc6=0;
da7=0;
dxSun=0;
dySun=0;
dzSun=0;
dbSun=0;
dcSun=0;
dxPla1=0;
dyPla1=0;
dzPla1=0;
dbPla1=0;
dcPla1=0;
dxPla2=0;
dyPla2=0;
dzPla2=0;
dbPla2=0;
dcPla2=0;
dxPla3=0;
dyPla3=0;
dzPla3=0;
dbPla3=0;
dcPla3=0;
dxSecSt=0;
dySecSt=0;
dzSecSt=0;
dbSecSt=0;
dcSecSt=0;
da4=0;
da5=0;
daSun=0;
daPla1=0;
daPla2=0;
daPla3=0;
daSecSt=0;
%------------ Parameters -------------------
g=9.8000000000000007105;
L2x=1.0;
L2z=2.0;
LS2x1=1.5;
LS2y1=1.0;
LS2z1=1.0;
LS2x2=4.0;
LS2x3=6.0;
LS2y2=1.5;
LS2y3=0.5;
LS2z2=1.0;
LB2x=2.5;
LB2y=1.0;
LB2z=2.5;
b2=0.08726646261111110914;
L3x1=2.0;
L3x2=2.0;
L4x=1.0;
L4y=0.5;
L4z=0.5;
LS4x=0.5;
LS4y=1.0;
LS4z=1.0;
L6x=1.0;
LB5x=0.5;
LB5y=0.5;
LS7x1=1.0;
LS7x2=3.0;
LS7y1=1.0;
LS7y2=1.0;
LS7z=1.5;
LGx1=0.25;
LGx2=0.4000000000000000222;
LGx3=0.5;
LGx4=1.0;
LGx5=0.5;
LGx6=1.0;
LGx7=0.5;
LGx8=1.0;
LGr1=0.25;
LGy1=0.25;
LGz1=0.25;
LGy2=0.5;
LGz2=0.5;
Z_Ring=89;
Z_Sun=16;
Z_Pla=36;
Z_SecSt1=90;
Z_SecSt2=22;
Z_ThiSt1=91;
Z_ThiSt2=25;
m2=1.0;
mx2=0.0;
my2=0.0;
mz2=0.0;
Ixx2=1.0;
Ixy2=0.0;
Iyy2=1.0;
Ixz2=0.0;
Izz2=1.0;
Iyz2=0.0;
m3=1.0;
mx3=0.0;
my3=0.0;
mz3=0.0;
Ixx3=1.0;
Ixy3=0.0;
Iyy3=1.0;
Ixz3=0.0;
Izz3=1.0;
Iyz3=0.0;
m4=1.0;
mx4=0.0;
my4=0.0;
mz4=0.0;
Ixx4=1.0;
Ixy4=0.0;
Iyy4=1.0;
Ixz4=0.0;
Izz4=1.0;
Iyz4=0.0;
m5=1.0;
mx5=0.0;
my5=0.0;
mz5=0.0;
Ixx5=1.0;
Ixy5=0.0;
Iyy5=1.0;
Ixz5=0.0;
Izz5=1.0;
Iyz5=0.0;
m6=1.0;
mx6=0.0;
my6=0.0;
mz6=0.0;
Ixx6=1.0;
Ixy6=0.0;
Iyy6=1.0;
Ixz6=0.0;
Izz6=1.0;
Iyz6=0.0;
m7=1.0;
mx7=0.0;
my7=0.0;
mz7=0.0;
Ixx7=1.0;
Ixy7=0.0;
Iyy7=1.0;
Ixz7=0.0;
Izz7=1.0;
Iyz7=0.0;
mSun=1.0;
mxSun=0.0;
mySun=0.0;
mzSun=0.0;
IxxSun=1.0;
IxySun=0.0;
IyySun=1.0;
IxzSun=0.0;
IzzSun=1.0;
IyzSun=0.0;
mPla1=0.10000000000000000555;
mxPla1=0.0;
myPla1=0.0;
mzPla1=0.0;
IxxPla1=1.0;
IxyPla1=0.0;
IyyPla1=1.0;
IxzPla1=0.0;
IzzPla1=1.0;
IyzPla1=0.0;
mPla2=0.10000000000000000555;
mxPla2=0.0;
myPla2=0.0;
mzPla2=0.0;
IxxPla2=1.0;
IxyPla2=0.0;
IyyPla2=1.0;
IxzPla2=0.0;
IzzPla2=1.0;
IyzPla2=0.0;
mPla3=0.10000000000000000555;
mxPla3=0.0;
myPla3=0.0;
mzPla3=0.0;
IxxPla3=1.0;
IxyPla3=0.0;
IyyPla3=1.0;
IxzPla3=0.0;
IzzPla3=1.0;
IyzPla3=0.0;
mSecSt=1.0;
mxSecSt=0.0;
mySecSt=0.0;
mzSecSt=0.0;
IxxSecSt=1.0;
IxySecSt=0.0;
IyySecSt=1.0;
IxzSecSt=0.0;
IzzSecSt=1.0;
IyzSecSt=0.0;
KF12x=10000.0;
KF12y=10000.0;
CF12x=3.0;
CF12y=3.0;
KM12z=220.0;
CM12z=30.0;
KF24x=10000.0;
KF24y=10000.0;
KF24z=10000.0;
CF24x=3.0;
CF24y=3.0;
CF24z=3.0;
KF27x=10000.0;
KF27y=10000.0;
KF27z=10000.0;
CF27x=3.0;
CF27y=3.0;
CF27z=3.0;
KFBearing1x=1000.0;
KFBearing1y=1000.0;
KFBearing1z=1000.0;
CFBearing1x=3.0;
CFBearing1y=3.0;
CFBearing1z=3.0;
KMBearing1y=1000.0;
KMBearing1z=1000.0;
CMBearing1y=3.0;
CMBearing1z=3.0;
KFBearing2x=1000.0;
KFBearing2y=1000.0;
KFBearing2z=1000.0;
CFBearing2x=3.0;
CFBearing2y=3.0;
CFBearing2z=3.0;
KMBearing2y=1000.0;
KMBearing2z=1000.0;
CMBearing2y=3.0;
CMBearing2z=3.0;
KFGBBearing4x=1000.0;
KFGBBearing4y=1000.0;
KFGBBearing4z=1000.0;
CFGBBearing4x=3.0;
CFGBBearing4y=3.0;
CFGBBearing4z=3.0;
KMGBBearing4y=1000.0;
KMGBBearing4z=1000.0;
CMGBBearing4y=3.0;
CMGBBearing4z=3.0;
KFBearing3x=1000.0;
KFBearing3y=1000.0;
KFBearing3z=1000.0;
CFBearing3x=3.0;
CFBearing3y=3.0;
CFBearing3z=3.0;
KMBearing3y=1000.0;
KMBearing3z=1000.0;
CMBearing3y=3.0;
CMBearing3z=3.0;
KFGBBearing9x=1000.0;
KFGBBearing9y=1000.0;
KFGBBearing9z=1000.0;
CFGBBearing9x=3.0;
CFGBBearing9y=3.0;
CFGBBearing9z=3.0;
KMGBBearing9y=1000.0;
KMGBBearing9z=1000.0;
CMGBBearing9y=3.0;
CMGBBearing9z=3.0;
KM56x=1000.0;
KM56y=1000.0;
KM56z=1000.0;
CM56x=3.0;
CM56y=3.0;
CM56z=3.0;
KFGBBearing5x=1000.0;
KFGBBearing5y=1000.0;
KFGBBearing5z=1000.0;
CFGBBearing5x=3.0;
CFGBBearing5y=3.0;
CFGBBearing5z=3.0;
KMGBBearing5y=1000.0;
KMGBBearing5z=1000.0;
CMGBBearing5y=3.0;
CMGBBearing5z=3.0;
KFGBBearing6x=1000.0;
KFGBBearing6y=1000.0;
KFGBBearing6z=1000.0;
CFGBBearing6x=3.0;
CFGBBearing6y=3.0;
CFGBBearing6z=3.0;
KMGBBearing6y=1000.0;
KMGBBearing6z=1000.0;
CMGBBearing6y=3.0;
CMGBBearing6z=3.0;
KFGBBearing1x=1000.0;
KFGBBearing1y=1000.0;
KFGBBearing1z=1000.0;
CFGBBearing1x=3.0;
CFGBBearing1y=3.0;
CFGBBearing1z=3.0;
KMGBBearing1y=1000.0;
KMGBBearing1z=1000.0;
CMGBBearing1y=3.0;
CMGBBearing1z=3.0;
KFGBBearing2x=1000.0;
KFGBBearing2y=1000.0;
KFGBBearing2z=1000.0;
CFGBBearing2x=3.0;
CFGBBearing2y=3.0;
CFGBBearing2z=3.0;
KMGBBearing2y=1000.0;
KMGBBearing2z=1000.0;
CMGBBearing2y=3.0;
CMGBBearing2z=3.0;
KFGBBearing3x=1000.0;
KFGBBearing3y=1000.0;
KFGBBearing3z=1000.0;
CFGBBearing3x=3.0;
CFGBBearing3y=3.0;
CFGBBearing3z=3.0;
KMGBBearing3y=1000.0;
KMGBBearing3z=1000.0;
CMGBBearing3y=3.0;
CMGBBearing3z=3.0;
KFGBBearing7x=1000.0;
KFGBBearing7y=1000.0;
KFGBBearing7z=1000.0;
CFGBBearing7x=3.0;
CFGBBearing7y=3.0;
CFGBBearing7z=3.0;
KMGBBearing7y=1000.0;
KMGBBearing7z=1000.0;
CMGBBearing7y=3.0;
CMGBBearing7z=3.0;
KFGBBearing8x=1000.0;
KFGBBearing8y=1000.0;
KFGBBearing8z=1000.0;
CFGBBearing8x=3.0;
CFGBBearing8y=3.0;
CFGBBearing8z=3.0;
KMGBBearing8y=1000.0;
KMGBBearing8z=1000.0;
CMGBBearing8y=3.0;
CMGBBearing8z=3.0;
%------------ Joint_Unknowns -------------------
lambda1=0.0;
lambda2=0.0;
lambda3=0.0;
lambda4=0.0;
lambda5=0.0;
lambda6=0.0;
lambda7=0.0;
%------------ Inputs -------------------
FHUBx=0.0;
FHUBy=0.0;
FHUBz=0.0;
MHUBx=0.0;
MHUBy=0.0;
MHUBz=0.0;
FBRAz=0.0;
TGENx=0.0;
FBearing1x=0.0;
FBearing1y=0.0;
FBearing1z=0.0;
MBearing1x=0.0;
MBearing1y=0.0;
MBearing1z=0.0;
FBearing2x=0.0;
FBearing2y=0.0;
FBearing2z=0.0;
MBearing2x=0.0;
MBearing2y=0.0;
MBearing2z=0.0;
FBearing3x=0.0;
FBearing3y=0.0;
FBearing3z=0.0;
MBearing3x=0.0;
MBearing3y=0.0;
MBearing3z=0.0;
FGBBearing1x=0.0;
FGBBearing1y=0.0;
FGBBearing1z=0.0;
MGBBearing1x=0.0;
MGBBearing1y=0.0;
MGBBearing1z=0.0;
FGBBearing2x=0.0;
FGBBearing2y=0.0;
FGBBearing2z=0.0;
MGBBearing2x=0.0;
MGBBearing2y=0.0;
MGBBearing2z=0.0;
FGBBearing3x=0.0;
FGBBearing3y=0.0;
FGBBearing3z=0.0;
MGBBearing3x=0.0;
MGBBearing3y=0.0;
MGBBearing3z=0.0;
FGBBearing4x=0.0;
FGBBearing4y=0.0;
FGBBearing4z=0.0;
MGBBearing4x=0.0;
MGBBearing4y=0.0;
MGBBearing4z=0.0;
FGBBearing5x=0.0;
FGBBearing5y=0.0;
FGBBearing5z=0.0;
MGBBearing5x=0.0;
MGBBearing5y=0.0;
MGBBearing5z=0.0;
FGBBearing6x=0.0;
FGBBearing6y=0.0;
FGBBearing6z=0.0;
MGBBearing6x=0.0;
MGBBearing6y=0.0;
MGBBearing6z=0.0;
FGBBearing7x=0.0;
FGBBearing7y=0.0;
FGBBearing7z=0.0;
MGBBearing7x=0.0;
MGBBearing7y=0.0;
MGBBearing7z=0.0;
FGBBearing8x=0.0;
FGBBearing8y=0.0;
FGBBearing8z=0.0;
MGBBearing8x=0.0;
MGBBearing8y=0.0;
MGBBearing8z=0.0;
FGBBearing9x=0.0;
FGBBearing9y=0.0;
FGBBearing9z=0.0;
MGBBearing9x=0.0;
MGBBearing9y=0.0;
MGBBearing9z=0.0;
%------------q,dq,param Vectors -------------------
q=[x2;y2;c2;x3;y3;z3;a3;b3;c3;x4;y4;z4;b4;c4;x5;y5;z5;b5;c5;a6;b6;c6;a7;xSun;ySun;zSun;bSun;cSun;xPla1;yPla1;zPla1;bPla1;cPla1;xPla2;yPla2;zPla2;bPla2;cPla2;xPla3;yPla3;zPla3;bPla3;cPla3;xSecSt;ySecSt;zSecSt;bSecSt;cSecSt;a4;a5;aSun;aPla1;aPla2;aPla3;aSecSt;];
dq=[dx2;dy2;dc2;dx3;dy3;dz3;da3;db3;dc3;dx4;dy4;dz4;db4;dc4;dx5;dy5;dz5;db5;dc5;da6;db6;dc6;da7;dxSun;dySun;dzSun;dbSun;dcSun;dxPla1;dyPla1;dzPla1;dbPla1;dcPla1;dxPla2;dyPla2;dzPla2;dbPla2;dcPla2;dxPla3;dyPla3;dzPla3;dbPla3;dcPla3;dxSecSt;dySecSt;dzSecSt;dbSecSt;dcSecSt;da4;da5;daSun;daPla1;daPla2;daPla3;daSecSt;];
