global g;
global R;
global r;
global L;
global e;
global alfa;
global mP;
global mxP;
global myP;
global mzP;
global IxxP;
global IxyP;
global IyyP;
global IxzP;
global IzzP;
global IyzP;
global m1;
global mx1;
global my1;
global mz1;
global Ixx1;
global Ixy1;
global Iyy1;
global Ixz1;
global Izz1;
global Iyz1;
global m2;
global mx2;
global my2;
global mz2;
global Ixx2;
global Ixy2;
global Iyy2;
global Ixz2;
global Izz2;
global Iyz2;
global m3;
global mx3;
global my3;
global mz3;
global Ixx3;
global Ixy3;
global Iyy3;
global Ixz3;
global Izz3;
global Iyz3;
global m4;
global mx4;
global my4;
global mz4;
global Ixx4;
global Ixy4;
global Iyy4;
global Ixz4;
global Izz4;
global Iyz4;
global m5;
global mx5;
global my5;
global mz5;
global Ixx5;
global Ixy5;
global Iyy5;
global Ixz5;
global Izz5;
global Iyz5;
global m6;
global mx6;
global my6;
global mz6;
global Ixx6;
global Ixy6;
global Iyy6;
global Ixz6;
global Izz6;
global Iyz6;
global Fs1;
global Fs2;
global Fs3;
global Fs4;
global Fs5;
global Fs6;
global FS001;
global FSa11;
global FSb11;
global FSa21;
global FSb21;
global FS002;
global FSa12;
global FSb12;
global FSa22;
global FSb22;
global FS003;
global FSa13;
global FSb13;
global FSa23;
global FSb23;
global FS004;
global FSa14;
global FSb14;
global FSa24;
global FSb24;
global FS005;
global FSa15;
global FSb15;
global FSa25;
global FSb25;
global FS006;
global FSa16;
global FSb16;
global FSa26;
global FSb26;
g = 9.8000000000000007105;
R = 0.4839999999999999858;
r = 0.07308499999999999719;
L = 1.0;
e = 0.06825399999999999523;
alfa = 1.0471966666666665535;
mP = 6.697000000000000064;
mxP = 0.07000000000000000666;
myP = 0.07000000000000000666;
mzP = -0.23822568399999999311;
IxxP = 0.028319000000000000422;
IxyP = 6.999999999999999929E-4;
IyyP = 0.028319000000000000422;
IxzP = 2.9999999999999997372E-4;
IzzP = 0.038045000000000002427;
IyzP = 2.9999999999999997372E-4;
m1 = 5.803900000000000503;
mx1 = 0.02999999999999999889;
my1 = 0.02999999999999999889;
mz1 = -1.4684999999999999165;
Ixx1 = 1.0435000000000000941;
Ixy1 = 2.9999999999999997372E-4;
Iyy1 = 1.0435000000000000941;
Ixz1 = 0.0140000000000000002914;
Izz1 = 0.0022721999999999998275;
Iyz1 = 0.0140000000000000002914;
m2 = 5.803900000000000503;
mx2 = 0.02999999999999999889;
my2 = 0.02999999999999999889;
mz2 = -1.4684999999999999165;
Ixx2 = 1.0435000000000000941;
Ixy2 = 2.9999999999999997372E-4;
Iyy2 = 1.0435000000000000941;
Ixz2 = 0.0140000000000000002914;
Izz2 = 0.0022721999999999998275;
Iyz2 = 0.0140000000000000002914;
m3 = 5.803900000000000503;
mx3 = 0.02999999999999999889;
my3 = 0.02999999999999999889;
mz3 = -1.4684999999999999165;
Ixx3 = 1.0435000000000000941;
Ixy3 = 2.9999999999999997372E-4;
Iyy3 = 1.0435000000000000941;
Ixz3 = 0.0140000000000000002914;
Izz3 = 0.0022721999999999998275;
Iyz3 = 0.0140000000000000002914;
m4 = 5.803900000000000503;
mx4 = 0.02999999999999999889;
my4 = 0.02999999999999999889;
mz4 = -1.4684999999999999165;
Ixx4 = 1.0435000000000000941;
Ixy4 = 2.9999999999999997372E-4;
Iyy4 = 1.0435000000000000941;
Ixz4 = 0.0140000000000000002914;
Izz4 = 0.0022721999999999998275;
Iyz4 = 0.0140000000000000002914;
m5 = 5.803900000000000503;
mx5 = 0.02999999999999999889;
my5 = 0.02999999999999999889;
mz5 = -1.4684999999999999165;
Ixx5 = 1.0435000000000000941;
Ixy5 = 2.9999999999999997372E-4;
Iyy5 = 1.0435000000000000941;
Ixz5 = 0.0140000000000000002914;
Izz5 = 0.0022721999999999998275;
Iyz5 = 0.0140000000000000002914;
m6 = 5.803900000000000503;
mx6 = 0.02999999999999999889;
my6 = 0.02999999999999999889;
mz6 = -1.4684999999999999165;
Ixx6 = 1.0435000000000000941;
Ixy6 = 2.9999999999999997372E-4;
Iyy6 = 1.0435000000000000941;
Ixz6 = 0.0140000000000000002914;
Izz6 = 0.0022721999999999998275;
Iyz6 = 0.0140000000000000002914;
Fs1 = 0.0;
Fs2 = 0.0;
Fs3 = 0.0;
Fs4 = 0.0;
Fs5 = 0.0;
Fs6 = 0.0;
FS001 = 1.9613765198999999484;
FSa11 = -0.03367548220000000231;
FSb11 = -0.004509828100000000048;
FSa21 = -0.76897540139999998043;
FSb21 = -0.36767866080000000117;
FS002 = 1.9728988349000000646;
FSa12 = -0.07760227279999999672;
FSb12 = 0.087896548500000004633;
FSa22 = -0.80477418469999995043;
FSb22 = -0.33292410810000000465;
FS003 = 2.0079006745000000933;
FSa13 = 0.0017356237999999999961;
FSb13 = -0.0125723870000000008396;
FSa23 = -0.9313791466999999935;
FSb23 = -0.08541052799999999945;
FS004 = 1.9590377182000000555;
FSa14 = 0.032193569999999997744;
FSb14 = 0.026063488299999999775;
FSa24 = -0.88120031899999995417;
FSb24 = -0.08106869079999999561;
FS005 = 2.051704390199999839;
FSa15 = -0.08062901150000000017;
FSb15 = 0.026959320900000000032;
FSa25 = -0.83622348130000001554;
FSb25 = -0.088205229499999995846;
FS006 = 2.0439796765999997952;
FSa16 = -0.07430093979999999321;
FSb16 = 0.056877343800000000618;
FSa26 = -0.85970401389999995256;
FSb26 = -0.03482426050000000245;
